000000000000000000000000000000000000000000000000000000000
000000000000000000000000000000000000000000000000000000000
000000000000000000000000000000000000000000000000000000000
000000000000000000000000000000000000000000000000000000000
000000000000000000000000000002000000000000000000000000000
000000000000000000000000000000000000000000000000000000000
000000000000000000000000002300000300000000000000000000004
000000000000000000000000000000000000000000000000000000000
000000000000000000000100100000000000000000000000000000000
000000000000002000303000000000000000000000000000000000000
000000000000000000000000000000000000000000000000000000000
000000000010000000000000000000000000000000000000000000000
000000000200000000000000000000000000000000000000000000000
000001000000000000000000000000000000000000000000000000000
000000000000020000000000000000000000000000000000000000000
000000000000000000300010000000010000000000000000000000000
000000003000100000000000200000000000000000000000000000000
000000000000000000000000000000000100000000000000000000000
000000000000000000000000000000002000200000000000000000000
000000000000000000000000000000000000000010000000000000000
000000000000000000000000000000000000000010000000000000000
001000000001002000000000030300300000000010000000000000000
000000000000000000200001000000000000000000000000000000000
000000000000000000000000000000000000000000000000000000000
000020030001111000300000000000000000000000000000000000000
